00000000000100000000000010000000100000000001
00000000000100000000000010000000000000000100000100010000000000000000000000001
00000000000000000000000000000000000000000000000000000000000000000000000000000000000000000000000000000000000000000000000000000000000000000000100000000000000000000000000001000000000000000000000001
00000001001000100100001
000000000001000010000001
001000000000000000000000000000000000000000000000100000000000000000000000000000000000011
0000000000000000000000000001000000000000100100000000100000000000010000000000000001000000000000000000000000000000000000000000001
000000000000000000000010000010000000100000000100000000000000000001
000000000000000000010000000001000000000000000000000000000001000000000100000000001
00000000010000000000001000000000000000000000100000000000100000000000000000000001000000000001000000000000000000000000000000000000000000010000000000000000000001
0010001000000001000100010001
00000000001001010001000001
00000000000001000000010000000010000010000000000000000000000001
000000000000000000000010000010000000000000010000100001
0000000000000000000100000000000100000000000010001
0000000000001
0000000000000100000000001000000000001000000000000000100000000100000000000100000100000000000000000001
0000000000000000000000000001000000000000000000100000001000000000000001
000100010001000001000000000010000000000100000000001
0000000000000000000000000100000000000000010000000000000001
0000100000000001000000001
00000000001000000000010000000000000010000000000000001000000000001
000001000000000000000000010000000001000000000001000000001000000100001000000001000000000001
0000000000000000000000000000000000000000000000000000000010000000000000000100000000000000000010000000001000000000000000100000000000000000000001000000000100000000000000000000000000000000000000100101000000000000000001
00000000000010000000000001000001000000001
0010000010000000001000000010000000100001